p1 331 327 3972 3924 240 2880 4955387.012004747 275667.17499406665
p2 331 327 3972 3924 230 2760 4955387.012004747 275667.17499406665
p3 331 327 3972 3924 220 2640 4955387.012004747 275667.17499406665
p4 331 315 3972 3780 240 2880 4955387.012004747 275811.17499406665
p5 331 315 3972 3780 230 2760 4955387.012004747 275811.17499406665
p6 331 315 3972 3780 220 2640 4955387.012004747 275811.17499406665
p7 331 303 3972 3636 240 2880 4955387.012004747 275955.17499406665
p8 331 303 3972 3636 230 2760 4955387.012004747 275955.17499406665
p9 331 303 3972 3636 220 2640 4955387.012004747 275955.17499406665
p10 331 291 3972 3492 240 2880 4955387.012004747 276099.17499406665
p11 331 291 3972 3492 230 2760 4955387.012004747 276099.17499406665
p12 331 291 3972 3492 220 2640 4955387.012004747 276099.17499406665
p13 331 279 3972 3348 240 2880 4955387.012004747 276243.17499406665
p14 331 279 3972 3348 230 2760 4955387.012004747 276243.17499406665
p15 331 279 3972 3348 220 2640 4955387.012004747 276243.17499406665
p16 319 327 3828 3924 240 2880 4955531.012004747 275667.17499406665
p17 319 327 3828 3924 230 2760 4955531.012004747 275667.17499406665
p18 319 327 3828 3924 220 2640 4955531.012004747 275667.17499406665
p19 319 315 3828 3780 240 2880 4955531.012004747 275811.17499406665
p20 319 315 3828 3780 230 2760 4955531.012004747 275811.17499406665
p21 319 315 3828 3780 220 2640 4955531.012004747 275811.17499406665
p22 319 303 3828 3636 240 2880 4955531.012004747 275955.17499406665
p23 319 303 3828 3636 230 2760 4955531.012004747 275955.17499406665
p24 319 303 3828 3636 220 2640 4955531.012004747 275955.17499406665
p25 319 291 3828 3492 240 2880 4955531.012004747 276099.17499406665
p26 319 291 3828 3492 230 2760 4955531.012004747 276099.17499406665
p27 319 291 3828 3492 220 2640 4955531.012004747 276099.17499406665
p28 319 279 3828 3348 240 2880 4955531.012004747 276243.17499406665
p29 319 279 3828 3348 230 2760 4955531.012004747 276243.17499406665
p30 319 279 3828 3348 220 2640 4955531.012004747 276243.17499406665
p31 307 327 3684 3924 240 2880 4955675.012004747 275667.17499406665
p32 307 327 3684 3924 230 2760 4955675.012004747 275667.17499406665
p33 307 327 3684 3924 220 2640 4955675.012004747 275667.17499406665
p34 307 315 3684 3780 240 2880 4955675.012004747 275811.17499406665
p35 307 315 3684 3780 230 2760 4955675.012004747 275811.17499406665
p36 307 315 3684 3780 220 2640 4955675.012004747 275811.17499406665
p37 307 303 3684 3636 240 2880 4955675.012004747 275955.17499406665
p38 307 303 3684 3636 230 2760 4955675.012004747 275955.17499406665
p39 307 303 3684 3636 220 2640 4955675.012004747 275955.17499406665
p40 307 291 3684 3492 240 2880 4955675.012004747 276099.17499406665
p41 307 291 3684 3492 230 2760 4955675.012004747 276099.17499406665
p42 307 291 3684 3492 220 2640 4955675.012004747 276099.17499406665
p43 307 279 3684 3348 240 2880 4955675.012004747 276243.17499406665
p44 307 279 3684 3348 230 2760 4955675.012004747 276243.17499406665
p45 307 279 3684 3348 220 2640 4955675.012004747 276243.17499406665
p46 295 327 3540 3924 240 2880 4955819.012004747 275667.17499406665
p47 295 327 3540 3924 230 2760 4955819.012004747 275667.17499406665
p48 295 327 3540 3924 220 2640 4955819.012004747 275667.17499406665
p49 295 315 3540 3780 240 2880 4955819.012004747 275811.17499406665
p50 295 315 3540 3780 230 2760 4955819.012004747 275811.17499406665
p51 295 315 3540 3780 220 2640 4955819.012004747 275811.17499406665
p52 295 303 3540 3636 240 2880 4955819.012004747 275955.17499406665
p53 295 303 3540 3636 230 2760 4955819.012004747 275955.17499406665
p54 295 303 3540 3636 220 2640 4955819.012004747 275955.17499406665
p55 295 291 3540 3492 240 2880 4955819.012004747 276099.17499406665
p56 295 291 3540 3492 230 2760 4955819.012004747 276099.17499406665
p57 295 291 3540 3492 220 2640 4955819.012004747 276099.17499406665
p58 295 279 3540 3348 240 2880 4955819.012004747 276243.17499406665
p59 295 279 3540 3348 230 2760 4955819.012004747 276243.17499406665
p60 295 279 3540 3348 220 2640 4955819.012004747 276243.17499406665
p61 283 327 3396 3924 240 2880 4955963.012004747 275667.17499406665
p62 283 327 3396 3924 230 2760 4955963.012004747 275667.17499406665
p63 283 327 3396 3924 220 2640 4955963.012004747 275667.17499406665
p64 283 315 3396 3780 240 2880 4955963.012004747 275811.17499406665
p65 283 315 3396 3780 230 2760 4955963.012004747 275811.17499406665
p66 283 315 3396 3780 220 2640 4955963.012004747 275811.17499406665
p67 283 303 3396 3636 240 2880 4955963.012004747 275955.17499406665
p68 283 303 3396 3636 230 2760 4955963.012004747 275955.17499406665
p69 283 303 3396 3636 220 2640 4955963.012004747 275955.17499406665
p70 283 291 3396 3492 240 2880 4955963.012004747 276099.17499406665
p71 283 291 3396 3492 230 2760 4955963.012004747 276099.17499406665
p72 283 291 3396 3492 220 2640 4955963.012004747 276099.17499406665
p73 283 279 3396 3348 240 2880 4955963.012004747 276243.17499406665
p74 283 279 3396 3348 230 2760 4955963.012004747 276243.17499406665
p75 283 279 3396 3348 220 2640 4955963.012004747 276243.17499406665
