101 78 373 936 4476 0 0 4958414.244 275115.518
102 148 488 1776 5856 0 0 4957581.444 273732.5698
103 129 429 1548 5148 0 0 4957807.294 274441.725
104 136 365 1632 4380 0 0 4957722.019 275208.1712
105 118 320 1416 3840 0 0 4957937.747 275756.5778
106 146 271 1752 3252 0 0 4957598.509 276344.9706
107 201 438 2412 5256 0 0 4956941.763 274330.8347
108 198 360 2376 4320 0 0 4956972.879 275274.0853
109 187 307 2244 3684 0 0 4957107.452 275910.0824
110 208 252 2496 3024 0 0 4956855.742 276567.1351
111 221 315 2652 3780 0 0 4956699.114 275809.3738
112 254 334 3048 4008 0 0 4956309.83 275581.7156
113 260 253 3120 3036 0 0 4956233.489 276556.3916
114 235 216 2820 2592 0 0 4956528.624 276998.6525
115 254 534 3048 6408 0 0 4956306.573 273187.6656
116 257 478 3084 5736 0 0 4956270.652 273857.5874
117 164 336 1968 4032 0 0 4957386.465 275555.0348
118 290 394 3480 4728 0 0 4955873.313 274869.3748
119 292 355 3504 4260 0 0 4955849.137 275326.9433
120 329 259 3948 3108 0 0 4955408.941 276487.8593
121 300 208 3600 2496 0 0 4955755.806 277096.8039
122 364 534 4368 6408 0 0 4954984.972 273179.5485
123 379 492 4548 5904 0 0 4954800.048 273687.4102
124 366 376 4392 4512 0 0 4954963.425 275081.7313
125 382 334 4584 4008 0 0 4954769.254 275588.3435
126 360 212 4320 2544 0 0 4955027.657 277051.6994
127 440 501 5280 6012 0 0 4954076.084 273576.8317
128 412 473 4944 5676 0 0 4954405.08 273912.4473
129 450 428 5400 5136 0 0 4953955.51 274450.0481
130 453 380 5436 4560 0 0 4953917.653 275032.692
131 424 353 5088 4236 0 0 4954268.015 275357.6868
132 462 306 5544 3672 0 0 4953806.387 275916.9666
133 410 236 4920 2832 0 0 4954439.264 276757.8181
134 504 446 6048 5352 0 0 4953301.582 274238.197
135 505 363 6060 4356 0 0 4953290.777 275235.7387
136 511 304 6132 3648 0 0 4953222.182 275937.8354
137 540 391 6480 4692 0 0 4952876.378 274904.6216
138 67 272 804 3264 0 0 4958553.568 276325.5998
139 99 184 1188 2208 0 0 4958167.849 277378.7458
140 119 237 1428 2844 0 0 4957927.63 276746.2477
141 171 208 2052 2496 0 0 4957299.568 277094.4243
142 156 120 1872 1440 0 0 4957487.31 278153.3784
143 216 184 2592 2208 0 0 4956766.156 277377.8137
144 217 122 2604 1464 0 0 4956747.603 278125.8295
145 258 147 3096 1764 0 0 4956262.982 277828.0119
146 259 67 3108 804 0 0 4956244.243 278791.6296
147 299 161 3588 1932 0 0 4955769.427 277653.9577
148 286 105 3432 1260 0 0 4955925.243 278331.2509
149 337 129 4044 1548 0 0 4955303.863 278047.4283
150 328 84 3936 1008 0 0 4955417.07 278582.2157
151 368 167 4416 2004 0 0 4954936.82 277582.4891
152 376 69 4512 828 0 0 4954841.674 278763.9581
153 403 114 4836 1368 0 0 4954514.365 278223.4238
154 465 256 5580 3072 0 0 4953768.592 276521.2269
155 466 192 5592 2304 0 0 4953756.537 277289.2347
156 479 133 5748 1596 0 0 4953600.664 277989.8947
157 523 245 6276 2940 0 0 4953078.991 276654.6764
158 525 187 6300 2244 0 0 4953055.69 277350.5879
159 550 314 6600 3768 0 0 4952754.617 275821.1958
